Performing Addition
Start Test on GPU
2, 0.000151
5, 0.000056
10, 0.000044
50, 0.000044
100, 0.000040
500, 0.000064
1000, 0.000073
5000, 0.000072
10000, 0.000077
20000, 0.000072
Performing Multiplication
Start Test on GPU
2, 0.000007
5, 0.000004
10, 0.000006
50, 0.000006
100, 0.000005
500, 0.000020
1000, 0.000037
2000, 0.000030
Performing Inversion
Start Test on GPU
2, 0.000035
5, 0.000040
10, 0.000046
50, 0.000077
100, 0.000180
500, 0.000694
1000, 0.001414

Performing Addition
Start Test on Serial
2, 0.000000
5, 0.000000
10, 0.000000
50, 0.000007
100, 0.000032
500, 0.000988
1000, 0.004202
5000, 0.096802
10000, 0.396718
20000, 1.610584
Start Test on Parallel
2, 0.000150
5, 0.000048
10, 0.000072
50, 0.000055
100, 0.000073
500, 0.000517
1000, 0.001650
5000, 0.018539
10000, 0.069949
20000, 0.260840
Performing Multiplication
Start Test on Serial
2, 0.000000
5, 0.000001
10, 0.000008
50, 0.001064
100, 0.009040
500, 1.210402
700, 3.474440
Start Test on Parallel
2, 0.000094
5, 0.000077
10, 0.000084
50, 0.000344
100, 0.002323
500, 0.228036
700, 0.649057
Performing Inversion
Start Test on Serial
2, 0.000000
5, 0.000001
10, 0.000007
50, 0.001023
100, 0.011141
500, 0.894919
1000, 7.292919
Start Test on Parallel
2, 0.000263
5, 0.000566
10, 0.001118
50, 0.006850
100, 0.013016
500, 0.283505
1000, 2.011267
